RESULTS: Trainingset
Nash-Sutcliffe/R2: 0.7829258722138945

Observed accumulated discharge: 8172.577270795876 mm
Simulated accumulated discharge: 8226.512578482145 mm
Normalized acc absolute error: 0.9709394563016395
Water in still in model: 32.14181114187886 mm


RESULTS: Validationset
Nash-Sutcliffe/R2: 0.7927376416128408

Observed accumulated discharge: 1408.52445693741 mm
Simulated accumulated discharge: 1763.8258291059024 mm
Normalized acc absolute error: 0.47540696183087316
Water in still in model: 21.46222437703659 mm


MODEL PARAMETERS:

P_corr: 0.6660606755198434
S_corr: 1.223064154191197
Cx: 2.0300095757178473
Cfr: 4.27484617948121
Cpro: -0.0027029132000312662
Tx: 0.20612244030034438
Ts: 0.4211531251566647
FC: 2.6787015274738852
ET: 1.7460841249691315
beta: 0.2634168557801205
epot: 2.8753363858640713
KUZ1: 0.5272881074836409
KUZ0: 0.06972056996305749
UZ1: 19.1403055067602
perc: 0.15170677095735557
KLZ: 0.9894292341902375