RESULTS: Trainingset
Nash-Sutcliffe/R2: 0.7711642369027543

Observed accumulated discharge: 8172.577270795876 mm
Simulated accumulated discharge: 8223.659741329417 mm
Normalized acc absolute error: 0.9717871046320897
Water in still in model: 21.2846162165406 mm


RESULTS: Validationset
Nash-Sutcliffe/R2: 0.7807702608865187

Observed accumulated discharge: 1408.52445693741 mm
Simulated accumulated discharge: 1791.3866699962336 mm
Normalized acc absolute error: 0.43961430667497825
Water in still in model: 11.554929601689082 mm


MODEL PARAMETERS:

P_corr: 0.6527589977695727
S_corr: 1.0979642389304571
Cx: 1.95841688606989
Cfr: 0.4820943435924525
Cpro: -0.0035519718732823424
Tx: 1.0215359665251351
Ts: 0.5808708971148773
FC: 6.184438466059983
ET: 2.5035409773146267
beta: 0.010110110135928465
epot: 6.939994142718742
KUZ1: 0.5610411925964198
KUZ0: 0.18294127138822835
UZ1: 10.064323570012077
perc: 0.3376685862329419
KLZ: 1.2458988011284404